ensembl_gene_id	external_gene_name	logFC	AveExpr	t	P.Value	adj.P.Val	B
ENSMUSG00000045573.9	Penk	2.54281649603077	10.303881439679	195.560757319367	7.36047036181169e-16	4.6260121449994e-12	27.1922300215359
ENSMUSG00000062070.12	Pgk1	-1.65249877976151	11.236464373466	-195.349714186595	7.42359326807253e-16	4.6260121449994e-12	27.3819313978025
ENSMUSG00000027720.7	Il2	4.06401157610416	8.47169246964751	180.751406584255	1.37207278652069e-15	5.70004771280246e-12	25.8147379181651
ENSMUSG00000037071.2	Scd1	-3.04116496591404	8.43935735957892	-142.551276104319	8.9694594577832e-15	2.7946593305588e-11	24.5302912247048
ENSMUSG00000049775.16	Tmsb4x	-1.00313787428588	12.5642479951693	-130.22092900057	1.83416311198841e-14	4.05628666894239e-11	24.0608806393779
ENSMUSG00000025161.16	Slc16a3	-3.0036060625136	7.75117880900658	-127.404985100321	2.18025502110517e-14	4.05628666894239e-11	23.4807321825751
ENSMUSG00000064363.1	mt-Nd4	1.25126026012646	11.6064232919428	124.899399498949	2.55099735463075e-14	4.05628666894239e-11	23.8076778545144
ENSMUSG00000028965.13	Tnfrsf9	-2.32583078324827	8.77747308014608	-124.57659656975	2.60373051043401e-14	4.05628666894239e-11	23.7860547454592
ENSMUSG00000026249.10	Serpine2	4.42363875224671	6.97022413919224	122.048669287843	3.06189368571927e-14	4.24004233390214e-11	22.6309795230379
ENSMUSG00000050912.15	Tmem123	-1.90325565174133	8.16040950987652	-111.805611729871	6.12303395812748e-14	7.4895864420404e-11	22.9319195676329
ENSMUSG00000028793.15	Rnf19b	-2.48510261785066	7.49374900380293	-110.196947005554	6.86632743107153e-14	7.4895864420404e-11	22.65769470892
ENSMUSG00000025203.5	Scd2	-1.27227777158818	11.1206783933531	-109.322816782095	7.31252674560117e-14	7.4895864420404e-11	22.6557612201582
ENSMUSG00000057666.18	Gapdh	-1.04483788563427	12.6661352958284	-108.412400696827	7.81229429082285e-14	7.4895864420404e-11	22.3698493185414
ENSMUSG00000030695.14	Aldoa	-1.47839084855981	10.5602425836405	-103.310068917278	1.14362079902969e-13	9.9781713451957e-11	22.2522383931047
ENSMUSG00000078566.8	Bnip3	-4.88897122332478	6.18988596893879	-101.507623237277	1.31433450172819e-13	9.9781713451957e-11	20.2427979565386
ENSMUSG00000028211.11	Trp53inp1	2.07191608376661	7.49503748894027	101.116121861764	1.35510172761243e-13	9.9781713451957e-11	22.1110825775972
ENSMUSG00000002565.16	Scin	-3.13608743519486	6.66935887818484	-100.122416779629	1.46512673793355e-13	9.9781713451957e-11	21.7580807468213
ENSMUSG00000027863.8	Cd2	-1.95470871776809	8.16979734533619	-99.9744926368234	1.48235012104582e-13	9.9781713451957e-11	22.0485479298013
ENSMUSG00000030530.15	Furin	-1.90978459891762	8.91769013187204	-99.5624951735954	1.53153509013064e-13	9.9781713451957e-11	22.0569865345994
ENSMUSG00000003153.10	Slc2a3	-3.4089162737674	6.53698085577403	-99.0034032809273	1.60124710666705e-13	9.9781713451957e-11	21.3759937033053
ENSMUSG00000027763.13	Mbnl1	1.36369559518226	8.88821785131582	98.0521361952016	1.72823059055879e-13	1.02566370714925e-10	21.9220474268882
ENSMUSG00000024670.16	Cd6	1.38148971526745	9.00339464187874	96.6929035670227	1.92983630131212e-13	1.07321317335196e-10	21.8037798982375
ENSMUSG00000022051.15	Bnip3l	-1.70808239291826	7.95811607380286	-96.3759471864647	1.9805747401986e-13	1.07321317335196e-10	21.7875434160248
ENSMUSG00000032231.14	Anxa2	-1.73971729702722	8.2385313361605	-94.4323294835305	2.32661711805263e-13	1.20819288092875e-10	21.6387435936587
ENSMUSG00000059743.12	Fdps	-1.48968781663968	8.74416431261659	-93.0766103549114	2.60832321947217e-13	1.30030129137127e-10	21.5245796449916
ENSMUSG00000026011.13	Ctla4	-1.54901085952653	8.63134009978371	-90.8887883374229	3.14779305526637e-13	1.4827775573271e-10	21.3152035497198
ENSMUSG00000021794.15	Glud1	-1.6514249338875	8.7505683687974	-90.5080307179971	3.25398404959705e-13	1.4827775573271e-10	21.2730674030306
ENSMUSG00000004356.8	Utp20	1.94575841367118	7.03686364213795	89.8534335923113	3.4461150615023e-13	1.4827775573271e-10	21.1790726085891
ENSMUSG00000024399.5	Ltb	-2.34139455073905	8.2847380756921	-89.8397788900264	3.45025669280958e-13	1.4827775573271e-10	21.0408596527331
ENSMUSG00000064370.1	mt-Cytb	1.29259400251011	12.011515378263	89.3752935389017	3.594536038224e-13	1.49329008814619e-10	20.951102852285
ENSMUSG00000021831.8	Ero1l	-2.03348410166584	7.96581296750853	-88.9135578620318	3.74473139273855e-13	1.50319642900667e-10	21.1622904241857
ENSMUSG00000025980.14	Hspd1	0.990986519031296	10.3712300028213	88.5742625531369	3.8596072958528e-13	1.50319642900667e-10	20.9515743618626
ENSMUSG00000020326.7	Ccng1	1.6930337921697	9.6070288267907	86.6675946002661	4.58385461845177e-13	1.73116909423529e-10	20.8650323540791
ENSMUSG00000024402.5	Lta	-2.03332191761541	10.1595119687809	-85.4300955219504	5.1355719132066e-13	1.86123412712239e-10	20.8071836771625
ENSMUSG00000011179.8	Odc1	0.748362476056677	11.3948696516088	85.2396904974886	5.22692726063416e-13	1.86123412712239e-10	20.4695657969513
ENSMUSG00000036427.5	Gpi1	-1.36770484710128	9.44528839713356	-84.0240589055841	5.8552094098622e-13	2.01743531678044e-10	20.6171553001036
ENSMUSG00000023456.14	Tpi1	-1.77018468537881	11.0084783558164	-83.7835753468512	5.98933697511645e-13	2.01743531678044e-10	20.5034820979609
ENSMUSG00000060550.15	H2-Q7	-2.21397402854597	7.39560831897108	-82.8803602671268	6.52492622640682e-13	2.14000409367653e-10	20.4662391233678
ENSMUSG00000021356.10	Irf4	-0.977570084777728	9.73318921717679	-82.3831395646801	6.84266896961487e-13	2.18667136841821e-10	20.4217240280184
ENSMUSG00000064367.1	mt-Nd5	1.00915917927638	11.0135101001102	81.6113924409351	7.37096512399505e-13	2.29660845850876e-10	20.2503047683821
ENSMUSG00000010142.12	Tnfrsf13b	-1.86261720810379	7.65818548583443	-80.4138186843664	8.28424839841149e-13	2.49365803191578e-10	20.3668312366096
ENSMUSG00000064345.1	mt-Nd2	1.20723756477342	11.686117873752	80.2684154511426	8.4035655412391e-13	2.49365803191578e-10	20.1042900896479
ENSMUSG00000050921.12	P2ry10	-2.16730372572607	6.65906946188108	-79.6283868058974	8.95230128110113e-13	2.59471002014798e-10	20.2265868182467
ENSMUSG00000026770.5	Il2ra	-1.08016333820377	10.5844994888566	-79.3366918760739	9.2156906441495e-13	2.61034437495535e-10	19.887644786525
ENSMUSG00000005125.12	Ndrg1	-2.239762865177	6.66142378024448	-79.0476494190242	9.48532516114122e-13	2.62701349962896e-10	20.1218722720574
ENSMUSG00000028970.9	Abcb1b	2.82967716899669	6.26982792090975	78.4615448793862	1.0059798000161e-12	2.72554918426101e-10	20.0105576071119
ENSMUSG00000064341.1	mt-Nd1	0.697051710894357	12.1409386946434	77.9138102881296	1.06322974001968e-12	2.74906350702147e-10	19.7621874054183
ENSMUSG00000026670.15	Uap1	-1.91486554272047	6.7418170171957	-77.8419894654817	1.07100509509876e-12	2.74906350702147e-10	20.0779696182695
ENSMUSG00000030263.13	Lrmp	1.57761604358857	7.29047337390296	77.7520526441258	1.08083215793992e-12	2.74906350702147e-10	20.1034217498789
ENSMUSG00000023067.13	Cdkn1a	1.11805613741801	9.8079508366625	77.3374115492747	1.12747174755645e-12	2.81033607795919e-10	19.907746224803
ENSMUSG00000028645.11	Slc2a1	-1.86409858350149	7.69427134277327	-77.0541395665462	1.1606376396633e-12	2.83627978492623e-10	20.032259899271
ENSMUSG00000105987.4	AI506816	1.15991748494481	9.00125657044275	76.3895736739437	1.24284711902311e-12	2.97815051883548e-10	19.8878117151925
ENSMUSG00000026728.9	Vim	-1.52938131284297	10.6345742153871	-76.2076245030962	1.266484614445e-12	2.97815051883548e-10	19.6268531944493
ENSMUSG00000039221.10	Rpl22l1	-1.42285386482639	9.05937582540658	-74.9942420906128	1.43770196943465e-12	3.31816289723408e-10	19.8028004089897
ENSMUSG00000029552.19	Tes	-1.48850876267463	7.79038927885815	-74.0977780734922	1.58098770195781e-12	3.53128391324345e-10	19.6960381313924
ENSMUSG00000063889.16	Crem	-2.17713080492827	6.54061813766885	-74.0638871299018	1.58671186023937e-12	3.53128391324345e-10	19.7052750125195
ENSMUSG00000015950.13	Ncf1	-3.20283777454612	7.25115458429678	-73.2913555399338	1.72373935691815e-12	3.72275088443177e-10	19.5404431933833
ENSMUSG00000026222.16	Sp100	-1.59719359930642	6.90155343539416	-73.24441964826	1.73248456468782e-12	3.72275088443177e-10	19.6298456934182
ENSMUSG00000005610.17	Eif4g2	0.673559891411582	10.5986494028968	72.6009634138114	1.85755506581337e-12	3.80891281562428e-10	19.1564641902202
ENSMUSG00000000982.5	Ccl3	3.36738663609874	7.21874203746873	72.5790182725302	1.86199645678804e-12	3.80891281562428e-10	18.8211215250362
ENSMUSG00000027164.8	Traf6	-1.43731210350162	7.43125444833487	-72.5678187808772	1.86426768637632e-12	3.80891281562428e-10	19.5556774973135
ENSMUSG00000007872.3	Id3	3.03170288340413	6.89477952312168	71.7299677785247	2.04337452413351e-12	4.0552120360486e-10	18.9204405688388
ENSMUSG00000038963.15	Slco4a1	3.09863012671384	5.86376004897544	71.6001924992433	2.07281359481455e-12	4.0552120360486e-10	18.88534984137
ENSMUSG00000020027.18	Socs2	-2.54735303577614	6.25205967955421	-71.5582389142849	2.0824325628429e-12	4.0552120360486e-10	19.2832677412474
ENSMUSG00000056888.11	Glipr1	2.54454860725754	6.18123176245244	71.1767070963454	2.17225427031889e-12	4.16504691861298e-10	19.1959485389868
ENSMUSG00000021109.13	Hif1a	-1.41170128025599	7.73421739935206	-70.7746101246907	2.27167039100153e-12	4.28967092167455e-10	19.2878490423661
ENSMUSG00000037400.17	Atp11b	-1.58654313628885	7.58262698640927	-70.3691944678967	2.3771258142291e-12	4.38534201518095e-10	19.2798177773147
ENSMUSG00000040111.16	Gramd1b	2.32452499560392	8.81283948046562	70.3110090931248	2.39270847333952e-12	4.38534201518095e-10	19.2786485788284
ENSMUSG00000020277.10	Pfkl	-1.46318585815671	8.25929058025645	-69.8476183406955	2.52099881881398e-12	4.50969331474786e-10	19.2121921143126
ENSMUSG00000024014.7	Pim1	-1.5627024141235	8.74264309521866	-69.8058928325466	2.53292571637929e-12	4.50969331474786e-10	19.2029179769344
ENSMUSG00000039114.15	Nrn1	1.19925350451947	8.7681907206967	69.2250654548731	2.70572585141323e-12	4.74950158960044e-10	19.0967951546264
ENSMUSG00000038437.11	Mllt6	-1.20015382203688	8.22258589818538	-68.9991428822046	2.77649515483633e-12	4.80603598815628e-10	19.1094303518642
ENSMUSG00000020423.6	Btg2	1.97790237469963	7.2017806546655	68.8153472730486	2.8356081362451e-12	4.84112112356475e-10	19.0698406661511
ENSMUSG00000026104.14	Stat1	-0.964244586836308	8.93341204859817	-68.6779116584492	2.88073729060349e-12	4.85170660172855e-10	18.9405912318701
ENSMUSG00000004558.14	Ndrg2	-2.91116428168279	6.10951374961498	-68.060641788858	3.09365881774731e-12	5.09614955637333e-10	18.627335221578
ENSMUSG00000029581.14	Fscn1	-3.03867812987881	5.8235252872936	-68.0217468775311	3.1076575967614e-12	5.09614955637333e-10	18.4906771137025
ENSMUSG00000031432.3	Prps1	-1.42982808478611	7.38617094755278	-67.8036056145324	3.18750385011011e-12	5.15920266024966e-10	19.0058492739803
ENSMUSG00000024669.7	Cd5	1.40493220675258	9.47169378894905	66.7431911382321	3.61008129320125e-12	5.76826194322657e-10	18.6847809207154
ENSMUSG00000030921.17	Trim30a	-1.88169891070734	6.54741191487804	-66.3603965328145	3.77785017742087e-12	5.95991731154383e-10	18.8521324751781
ENSMUSG00000055447.18	Cd47	-1.2670049234494	7.47319865094128	-66.1841352916514	3.85803996728284e-12	6.01034401403076e-10	18.776304323109
ENSMUSG00000032324.11	Tspan3	1.70841911739938	6.97518181351751	66.070815287363	3.91060664362206e-12	6.01702353079775e-10	18.8169687798439
ENSMUSG00000079037.9	Prnp	-4.13683274685977	5.95766890909441	-65.9636454044646	3.96106361444057e-12	6.02033363741132e-10	18.3156702676679
ENSMUSG00000037012.18	Hk1	-1.14382798407422	8.4020676195148	-65.6672985091936	4.10444724331847e-12	6.16309951728652e-10	18.6794162724957
ENSMUSG00000002227.15	Mov10	-2.48059068697949	6.1642698550494	-65.4684134145339	4.20395183391444e-12	6.23736329834234e-10	18.5796621994355
ENSMUSG00000079017.3	Ifi27l2a	-1.89725428916588	8.84602996947188	-65.120983898602	4.38436274251193e-12	6.42850739528543e-10	18.7014825721224
ENSMUSG00000051335.6	Gfod1	1.9873678237626	6.69407839006954	64.9257022013231	4.48958606848894e-12	6.42980946630389e-10	18.6660010728157
ENSMUSG00000026234.12	Ncl	0.822527609433648	11.014777214466	64.8688633912898	4.52074464057058e-12	6.42980946630389e-10	18.0891063094043
ENSMUSG00000032265.14	Fam46a	-1.40643913342568	8.42318547684684	-64.8339142889505	4.54002433631343e-12	6.42980946630389e-10	18.5889632339391
ENSMUSG00000034394.14	Lif	-1.45061062516072	8.16937343341173	-64.6383285595635	4.64964348790236e-12	6.51106817862102e-10	18.5875293439189
ENSMUSG00000049109.15	Themis	-1.58383983378606	7.4771626840889	-64.2622211604759	4.86892033429464e-12	6.72908159839378e-10	18.5881751223952
ENSMUSG00000004837.2	Grap	1.24299409304273	7.98350593404081	64.1883975357781	4.91331481548451e-12	6.72908159839378e-10	18.5357835556974
ENSMUSG00000017009.3	Sdc4	-1.52874551092938	7.12204069905294	-63.8915952063682	5.09645890086301e-12	6.85186988392194e-10	18.5532787536443
ENSMUSG00000025791.18	Pgm2	-1.96437244782011	6.45405098159922	-63.8027090629078	5.15279362935717e-12	6.85186988392194e-10	18.5325510159123
ENSMUSG00000021686.5	Ap3b1	1.17136702558088	8.88505543260165	63.7048906798205	5.21560153105769e-12	6.85186988392194e-10	18.3947371886531
ENSMUSG00000013663.7	Pten	1.73001186911616	5.86183166839469	63.4393793402748	5.39047401788805e-12	6.85186988392194e-10	18.4867983011492
ENSMUSG00000026285.7	Pdcd1	1.85274512404782	6.63249255507796	63.3735797591334	5.43482592217003e-12	6.85186988392194e-10	18.459444468497
ENSMUSG00000027663.12	Zmat3	1.72682905113454	7.61847187310493	63.3270356860884	5.46644691805112e-12	6.85186988392194e-10	18.4427108401256
ENSMUSG00000020484.18	Xbp1	-1.47431474079825	7.70701376792081	-63.3036467031958	5.48241504916626e-12	6.85186988392194e-10	18.4752636365458
ENSMUSG00000013629.16	Cad	1.04086652232856	8.5422585597489	63.2015252781827	5.55275357591266e-12	6.85186988392194e-10	18.3310722415173
ENSMUSG00000020661.15	Dnmt3a	1.50395808101189	7.52868321006991	63.1983443192995	5.55496079956117e-12	6.85186988392194e-10	18.4427665344959
ENSMUSG00000027333.18	Smox	-2.3018034025788	5.978532806902	-63.0716965678341	5.64364799595473e-12	6.85186988392194e-10	18.3106303124826
ENSMUSG00000029076.14	Sdf4	-1.20339199993208	9.36832124531933	-63.0442322960787	5.66309003396758e-12	6.85186988392194e-10	18.1903263636442
ENSMUSG00000026463.17	Atp2b4	-3.06415767625546	5.47510745524152	-62.9944162868475	5.69854773143002e-12	6.85186988392194e-10	17.8932467879065
ENSMUSG00000005087.17	Cd44	1.08876119349733	8.57382073180256	62.941204300577	5.73669903238751e-12	6.85186988392194e-10	18.2433431534466
ENSMUSG00000068220.5	Lgals1	-1.29362436704198	9.1369010106278	-62.8914139985475	5.77265776949212e-12	6.85186988392194e-10	18.2971631378198
ENSMUSG00000038560.7	Sp6	-2.73454435637631	6.29363786003914	-62.7280179913982	5.89245844100109e-12	6.92808580662231e-10	18.234582197815
ENSMUSG00000019978.16	Epb41l2	-1.70030865161482	6.97026739572472	-62.6175233415412	5.97505890949287e-12	6.95954758775791e-10	18.3922339758888
ENSMUSG00000020184.15	Mdm2	1.08963780410338	7.85955483825702	62.5283988580347	6.04263477561615e-12	6.96691303564271e-10	18.3040369467973
ENSMUSG00000032578.7	Cish	-1.00655243699411	9.11594935118167	-62.416193019072	6.12893852904039e-12	6.96691303564271e-10	18.1923858748203
ENSMUSG00000064351.1	mt-Co1	0.331912189980715	13.7142970754896	62.3902564556237	6.14908476226188e-12	6.96691303564271e-10	17.3579539864831
ENSMUSG00000029772.17	Ahcyl2	-1.39673700791634	7.56431970702419	-62.2186632820901	6.28426400944148e-12	7.05592633780804e-10	18.3060235094463
ENSMUSG00000040010.10	Slc7a5	-1.05566402443384	8.22648315870739	-61.9170434767023	6.53006774483874e-12	7.2664494914219e-10	18.1974791185921
ENSMUSG00000021895.9	Arhgef3	1.40075794702467	7.66195644554558	61.8092275158453	6.62054446869757e-12	7.30193324897148e-10	18.2671665261943
ENSMUSG00000046876.16	Atxn1	2.97862995090806	6.93097156976283	61.4484467399901	6.93372874386407e-12	7.54359893201288e-10	17.9909920012218
ENSMUSG00000019916.14	P4ha1	-1.39217446814819	6.74172870412154	-61.3766622244394	6.99801389518883e-12	7.54359893201288e-10	18.2206629249448
ENSMUSG00000057530.14	Ece1	1.61276658437778	6.59044418905025	61.3509060820741	7.02124268726225e-12	7.54359893201288e-10	18.2290364790943
ENSMUSG00000027580.17	Helz2	-1.54416842533224	7.85382419786415	-61.2329466251403	7.12874274391186e-12	7.57617278697148e-10	18.171354896502
ENSMUSG00000021538.3	Il9	-7.2332372737592	5.76873066491265	-61.1848133227148	7.1731396041293e-12	7.57617278697148e-10	14.4968039897095
ENSMUSG00000098234.7	Snhg6	1.33903377000043	8.52564137432232	61.1113169464106	7.24153271211847e-12	7.58413631858256e-10	18.1728228862796
ENSMUSG00000021196.14	Pfkp	-1.45041457606537	8.24164861077398	-61.003176686086	7.34350351847008e-12	7.62684036255772e-10	18.0456006195514
ENSMUSG00000032202.11	Rab27a	-1.701187855013	6.60780842846248	-60.8719089015568	7.46946181647452e-12	7.69354567096876e-10	18.1711386752397
ENSMUSG00000019851.8	Perp	1.54819618462488	6.89970438974041	60.6064089798759	7.73173102747273e-12	7.85007679388576e-10	18.1366522943414
ENSMUSG00000003955.7	Fam162a	-1.47781717211426	7.0454079246531	-60.5908613977638	7.74740789254552e-12	7.85007679388576e-10	18.123324536218
ENSMUSG00000050244.9	Heatr1	1.22359447999241	7.3200037066356	60.3456683322452	7.99943461611945e-12	8.04007690489489e-10	18.0394891134684
ENSMUSG00000018930.3	Ccl4	2.0126768508001	7.5122343231834	60.130715083268	8.227992374117e-12	8.20363751668961e-10	18.0434396036395
ENSMUSG00000068744.12	Psrc1	2.16299322047594	7.43196588815872	59.9271765308842	8.45121197402334e-12	8.35189072745212e-10	18.0459983257749
ENSMUSG00000028527.18	Ak4	-2.21337879480816	5.67625125426421	-59.8739428122098	8.51071268864975e-12	8.35189072745212e-10	17.9273206782259
ENSMUSG00000036109.17	Mbnl3	-1.69419434771002	6.01754846664236	-59.7453158881327	8.65643935411142e-12	8.42853153674145e-10	18.0210688649532
ENSMUSG00000062762.16	Ei24	1.44671949879916	7.23195653462669	59.4737122710719	8.97347535063938e-12	8.66949017790841e-10	17.9601869772136
ENSMUSG00000018341.12	Il12rb2	-3.47253370742618	4.77963544866083	-59.4000243807879	9.06172994251827e-12	8.68741079027733e-10	17.1597792274159
ENSMUSG00000031987.6	Egln1	-1.51503401096637	7.00553776560736	-59.2652582920195	9.22567713537898e-12	8.77706978154414e-10	17.9465525550792
ENSMUSG00000020437.12	Myo1g	-0.794577665728747	9.30276222147565	-59.1525340926498	9.3653779331264e-12	8.79901159342729e-10	17.6761300546678
ENSMUSG00000026991.20	Pkp4	1.60200304051876	8.10088173980426	59.1329087794969	9.38994256540022e-12	8.79901159342729e-10	17.8731324552918
ENSMUSG00000042262.5	Ccr8	-1.80636251342669	7.5252896757325	-59.0622245655869	9.47901986900193e-12	8.81619586771426e-10	17.928427608106
ENSMUSG00000057329.7	Bcl2	-1.67784059247532	7.20146487828648	-58.8835574060496	9.70845259398856e-12	8.96269960584292e-10	17.9055496840335
ENSMUSG00000002578.17	Ikzf4	-2.89723993068907	5.99325951370072	-58.2823028205979	1.05277399370656e-11	9.64758991438592e-10	17.6220249396224
ENSMUSG00000040918.12	Slc19a2	1.91724464831713	6.04946646137855	58.2110799257232	1.06298467198305e-11	9.67005691016409e-10	17.760364939241
ENSMUSG00000017390.15	Aldoc	-3.94843796378007	5.57678393993381	-57.8752650780102	1.1126551711613e-11	1.00485662305676e-09	16.6893819630137
ENSMUSG00000028063.15	Lmna	-1.54085916425884	6.83992018911373	-57.5458774622705	1.16392828092591e-11	1.03937327749716e-09	17.7240342439924
ENSMUSG00000055675.6	Kbtbd11	-1.36916049677903	6.99569204882442	-57.5232062935346	1.16755403072777e-11	1.03937327749716e-09	17.7171392483893
ENSMUSG00000022015.8	Tnfsf11	0.668717516028138	9.61029971080234	57.444815707339	1.18018924150398e-11	1.04317010757901e-09	17.3095478619505
ENSMUSG00000033016.15	Nfatc1	1.25909316191236	7.42597985048317	57.3742929813511	1.19168798848551e-11	1.04591601411936e-09	17.653434406664
ENSMUSG00000024378.9	Stard4	-1.21766333933026	7.70610951502895	-57.2396065522522	1.21400094681493e-11	1.04961266041822e-09	17.5740498438299
ENSMUSG00000038127.14	Ccdc50	0.870585775889131	8.97119280884552	57.2218333052488	1.21698035403277e-11	1.04961266041822e-09	17.3081081654574
ENSMUSG00000020900.15	Myh10	1.69779424976798	6.37857046001334	57.1969509523991	1.22116533547815e-11	1.04961266041822e-09	17.6728882895135
ENSMUSG00000004040.16	Stat3	-0.84259266187485	9.02399426436172	-57.0552464598317	1.24530991284608e-11	1.0630340714932e-09	17.3332319273358
ENSMUSG00000038400.15	Pmepa1	-2.11072385190564	5.57772005636417	-56.97284895694	1.2595963108317e-11	1.06791488584323e-09	17.5316122507827
ENSMUSG00000021185.16	9030617O03Rik	2.06510167040903	6.37333380326343	56.7804232930975	1.29368430048182e-11	1.07989562669603e-09	17.6122530787921
ENSMUSG00000011752.6	Pgam1	-0.698062400218671	10.2863679704233	-56.7643218823508	1.29658342591688e-11	1.07989562669603e-09	17.1609007907916
ENSMUSG00000093930.1	Hmgcs1	-0.82051571328328	8.90066659612778	-56.7469366358521	1.29972192894491e-11	1.07989562669603e-09	17.3251439743836
ENSMUSG00000028639.14	Ybx1	0.635468234009014	10.0212162826462	56.6650029518347	1.31462879411258e-11	1.08504759344537e-09	17.1462253514839
ENSMUSG00000035105.5	Egln3	-6.42412118702637	5.226168841966	-56.5765984840348	1.33092928262038e-11	1.0912744506117e-09	15.4219687891896
ENSMUSG00000059895.12	Ptp4a3	1.43043393120371	7.82583866493324	56.3540620144646	1.37297889775021e-11	1.11839450997783e-09	17.4388480455077
ENSMUSG00000015846.14	Rxra	1.28456833774523	6.92418902995217	56.2651114613345	1.39020353988703e-11	1.12079268298693e-09	17.524391306563
ENSMUSG00000031749.12	St3gal2	-1.6288414603501	6.40188040170073	-56.2461386569512	1.39390889723962e-11	1.12079268298693e-09	17.5475617784929
ENSMUSG00000048163.13	Selplg	-1.22135674083873	8.49351779079655	-55.9654893001568	1.45003890479775e-11	1.15845095323681e-09	17.3347798609974
ENSMUSG00000032515.8	Csrnp1	-1.32392382974434	7.13977331491165	-55.8978729004657	1.46393983957155e-11	1.16210714780765e-09	17.4811932068615
ENSMUSG00000040463.16	Mybbp1a	0.86580190898837	9.42144395999224	55.7545581572036	1.49390219931949e-11	1.17838627279233e-09	17.1578022961401
ENSMUSG00000074578.13	Zfas1	1.16802988406776	8.86489846702044	55.6325508993657	1.51995479414448e-11	1.18436898608845e-09	17.3233834458055
ENSMUSG00000021703.8	Serinc5	-1.6725198084205	6.14763441594945	-55.6300554837252	1.52049296135883e-11	1.18436898608845e-09	17.4510141179174
ENSMUSG00000086862.1	Gm13546	-2.93825852873563	5.87822532074003	-55.4107060520145	1.56864771852249e-11	1.21428922459291e-09	17.3580872980503
ENSMUSG00000054752.16	Fsd1l	-2.36921621267929	5.19274029848397	-55.3243901506066	1.58806604790127e-11	1.2217325404317e-09	17.3026623997907
ENSMUSG00000026395.16	Ptprc	0.646792323732747	10.1813495277636	55.2654240090969	1.60148716908722e-11	1.22449905449902e-09	16.7843107796646
ENSMUSG00000023832.13	Acat2	-1.45178323406242	7.46402156382074	-55.0215553349994	1.65836654900076e-11	1.26025745732905e-09	17.308284600091
ENSMUSG00000003865.16	Gys1	-2.20465309558211	5.71769039620037	-54.9242680742625	1.68168964044926e-11	1.27023624175267e-09	17.2279462246321
ENSMUSG00000018914.5	Il3	2.63922604583234	6.72954501195811	54.8744785639763	1.69376863287453e-11	1.2716529199708e-09	17.1180206687618
ENSMUSG00000020116.7	Pno1	1.3867375417988	6.9633277594643	54.7793088670668	1.71712975836785e-11	1.28147234602027e-09	17.3244757182103
ENSMUSG00000039191.12	Rbpj	-0.682570175173325	9.88941254037038	-54.597088940455	1.76287851704402e-11	1.3077830332095e-09	16.9030370821697
ENSMUSG00000020387.15	Jade2	0.895368877726606	8.04149127317964	54.4051552373423	1.81255621708598e-11	1.32649609569389e-09	17.0893296801463
ENSMUSG00000062328.7	Rpl17	-0.603558362968148	10.8523162002979	-54.3961944160527	1.81491375016092e-11	1.32649609569389e-09	16.7927105092873
ENSMUSG00000006494.11	Pdk1	-1.86023110315504	6.77933916506111	-54.3767779195016	1.82003395942915e-11	1.32649609569389e-09	17.2618284429134
ENSMUSG00000026509.15	Capn2	-1.60509736165181	6.1862689570047	-54.2855492280172	1.84431013504761e-11	1.33637425657549e-09	17.2666344881166
ENSMUSG00000047898.7	Ccr4	-1.02085142439481	8.35756268416402	-54.2410504142019	1.85628353164445e-11	1.33727524016675e-09	17.0702405893893
ENSMUSG00000004936.8	Map2k1	-1.3019522343369	7.57445156651755	-54.0419588274713	1.91093654396117e-11	1.36873575559702e-09	17.1022533075552
ENSMUSG00000022962.14	Gart	0.976121669709674	8.06254216985929	53.931936210493	1.94191507065745e-11	1.3784933468071e-09	17.0354452067686
ENSMUSG00000095041.7	AC149090.1	1.07471382898555	8.02619813012536	53.9151858552782	1.94668080749459e-11	1.3784933468071e-09	17.0957775124655
ENSMUSG00000003206.6	Ebi3	-1.41277845135062	7.45763756166906	-53.7034398596178	2.00807547423746e-11	1.40971198002916e-09	17.1661297070835
ENSMUSG00000003873.11	Bax	0.999374108416895	8.2905991673461	53.6720897192008	2.01734927588244e-11	1.40971198002916e-09	17.0454975282785
ENSMUSG00000019817.18	Plagl1	-1.88050456808788	5.89292817529725	-53.6368645989098	2.02782693728329e-11	1.40971198002916e-09	17.1660781638602
ENSMUSG00000027660.16	Skil	-1.37023798103778	6.99442480719916	-53.6094898337146	2.03601184630706e-11	1.40971198002916e-09	17.1011871870499
ENSMUSG00000023034.6	Nr4a1	1.09742278426823	8.94038325954534	53.5480112363187	2.05452956875376e-11	1.41293328655645e-09	16.8962816936557
ENSMUSG00000028195.4	Cyr61	2.5877208163524	6.27158996576371	53.5162007016711	2.06418549770099e-11	1.41293328655645e-09	16.9102281690804
ENSMUSG00000003528.14	Slc25a1	-1.20074031825326	8.04604450134424	-53.4537589390763	2.08328836305462e-11	1.41293328655645e-09	17.0968038910473
ENSMUSG00000035901.14	Dennd5a	-0.878695955531958	8.25600585833688	-53.4449074137047	2.08601239449882e-11	1.41293328655645e-09	16.8868153983056
ENSMUSG00000024079.4	Eif2ak2	-1.76467282102188	6.09283131042449	-53.3475696606754	2.11623387699364e-11	1.42565528697145e-09	17.1288516785927
ENSMUSG00000018909.15	Arrb1	-2.9898825346002	5.49804821066609	-53.2023302235818	2.16224903154408e-11	1.44882310108246e-09	16.8920071900216
ENSMUSG00000026866.16	Kynu	-2.54069830550858	4.94181309894377	-53.0717625928955	2.2045793235723e-11	1.4692872785926e-09	16.8372379713504
ENSMUSG00000042349.13	Ikbke	1.31690543243138	6.82411325827629	52.8829835160985	2.26744201714834e-11	1.50314520530424e-09	17.0421100922721
ENSMUSG00000001507.16	Itga3	2.84193755423866	5.36366108403356	52.6997034764609	2.33041103305669e-11	1.53361944357269e-09	16.8246901067757
ENSMUSG00000030641.10	Ddias	1.85336531600853	5.9982382200783	52.6779288148307	2.33802209964544e-11	1.53361944357269e-09	17.0302253685028
ENSMUSG00000040899.13	Ccr6	-1.82529970267116	6.66528231610399	-52.5704514143584	2.37600195725103e-11	1.55037237660835e-09	17.0112147425119
ENSMUSG00000030609.18	Aen	1.63592241376774	7.1394473685241	52.5313639414424	2.38998639711299e-11	1.55137502433433e-09	16.9794964110395
ENSMUSG00000041801.5	Phlda3	2.33368883805907	7.34194240061508	52.4410011813819	2.42267197484132e-11	1.56444356592991e-09	16.9940676549482
ENSMUSG00000022385.10	Gtse1	1.4914333136433	7.4060903533742	52.3505123149435	2.45590847067472e-11	1.57347449279684e-09	16.9185746153509
ENSMUSG00000034422.14	Parp14	-1.28564945222043	6.8099009485988	-52.2628257757309	2.48860629299836e-11	1.57347449279684e-09	16.9109088520887
ENSMUSG00000003031.14	Cdkn1b	-1.43236074856817	7.21760660777419	-52.2442980329786	2.49557775126878e-11	1.57347449279684e-09	16.9364336280716
ENSMUSG00000031557.16	Plekha2	-1.03383833626091	7.90221657137076	-52.2268124264631	2.50217726065721e-11	1.57347449279684e-09	16.7647855567429
ENSMUSG00000027639.16	Samhd1	-0.866037151328636	7.89998485260987	-52.2073879046787	2.50953161866064e-11	1.57347449279684e-09	16.7489640827623
ENSMUSG00000006442.10	Srm	1.13157256851489	8.18445773548699	52.1740910239971	2.52219491407878e-11	1.57347449279684e-09	16.8564594173946
ENSMUSG00000019878.8	Hsf2	-1.54100744299111	5.99950866260727	-52.1382655687723	2.53590028906131e-11	1.57347449279684e-09	16.9445996357243
ENSMUSG00000026475.7	Rgs16	1.6052990000455	6.80404123494475	52.1214715229441	2.54235387023443e-11	1.57347449279684e-09	16.9466578192099
ENSMUSG00000057596.13	Trim30d	-2.23520129300133	4.92915988667448	-52.0714959485994	2.5616680509522e-11	1.57347449279684e-09	16.7934221033259
ENSMUSG00000029385.14	Ccng2	-1.41729554335101	6.7813330870504	-52.0683000526889	2.56290878630954e-11	1.57347449279684e-09	16.9250559146557
ENSMUSG00000032035.15	Ets1	-1.03838686839013	8.45880096903675	-51.9389834324954	2.613685356127e-11	1.58490731905047e-09	16.6697343546198
ENSMUSG00000024677.13	Ms4a6b	1.12757330017085	7.18689336005834	51.9375954655092	2.61423645569665e-11	1.58490731905047e-09	16.8180573507455
ENSMUSG00000030084.11	Plxna1	1.89910615538791	6.06230748601755	51.9238995334768	2.61968151909169e-11	1.58490731905047e-09	16.9169046272088
ENSMUSG00000020572.8	Nampt	-1.04460216556056	7.61989977720402	-51.8734235235943	2.63985971707252e-11	1.58939959680555e-09	16.7269361109494
ENSMUSG00000039621.13	Prex1	-1.71396350608124	6.48110949849541	-51.7979334700112	2.67036493355907e-11	1.60003645033397e-09	16.893591837144
ENSMUSG00000046223.10	Plaur	-3.20538499442683	5.16628499989843	-51.744087494392	2.69236643713092e-11	1.60025578704057e-09	16.311141781342
ENSMUSG00000022906.15	Parp9	-1.57283123212397	6.19345619710339	-51.7075903436953	2.7073952614882e-11	1.60025578704057e-09	16.8815064606891
ENSMUSG00000054766.13	Set	0.597223451719319	9.94986066523636	51.7030991879483	2.70925115193422e-11	1.60025578704057e-09	16.3960302098487
ENSMUSG00000033105.12	Lss	-1.03635834020246	7.54878625748318	-51.5801465984097	2.76061986222852e-11	1.6229059124035e-09	16.7494577586283
ENSMUSG00000059456.13	Ptk2b	1.41227322392222	6.65353094371231	51.5068838817912	2.79174955286474e-11	1.63350115856119e-09	16.8433452557397
ENSMUSG00000045962.16	Wnk1	-0.70469418092185	9.0105451522179	-51.3230660956917	2.87160964774951e-11	1.67237715139729e-09	16.3801571401459
ENSMUSG00000028413.13	B4galt1	-1.15028478349856	7.74221428060204	-51.1726035355789	2.93889588970138e-11	1.70360276620225e-09	16.6136265222636
ENSMUSG00000031530.6	Dusp4	-1.01591252228205	9.23346811315101	-51.1157166129638	2.96479656873111e-11	1.70967392339083e-09	16.4323663252802
ENSMUSG00000005397.8	Nid1	2.15605356633655	5.57580144671128	51.0895308892811	2.97680527461935e-11	1.70967392339083e-09	16.7575918535725
ENSMUSG00000021701.7	Plk2	1.80906298717928	6.80962174088829	50.9877287409851	3.02401468971634e-11	1.72035415979905e-09	16.7729059314182
ENSMUSG00000032089.16	Il10ra	-4.02407285987727	5.12033668090931	-50.9797029605679	3.02777224795224e-11	1.72035415979905e-09	15.8712224542436
ENSMUSG00000020741.17	Cluh	1.19707780881113	7.61720481539419	50.9268272601736	3.05265973821911e-11	1.72035415979905e-09	16.6450950595356
ENSMUSG00000038418.7	Egr1	1.46162695754655	6.94228565356334	50.905045093288	3.06297907941785e-11	1.72035415979905e-09	16.7559972554083
ENSMUSG00000033732.10	Sf3b3	0.767481250461621	8.4687980722282	50.9020108548623	3.06441967002638e-11	1.72035415979905e-09	16.4231703749627
ENSMUSG00000043421.8	Hilpda	-2.14963937735672	6.84377765997597	-50.7050478331154	3.15958646767656e-11	1.76582628460327e-09	16.7101385084268
ENSMUSG00000040997.13	Abhd4	1.69684411317238	6.20402538784016	50.6308184357659	3.1963118629444e-11	1.77184889400751e-09	16.715967154972
ENSMUSG00000028634.16	Hivep3	1.32725763955585	8.35563944160031	50.625831317753	3.19879644669573e-11	1.77184889400751e-09	16.6418627666595
ENSMUSG00000037652.15	Phc3	-0.979403939906918	7.0299058640907	-50.349726305021	3.33980637295919e-11	1.84177021354825e-09	16.5384721776995
ENSMUSG00000041515.9	Irf8	-1.11813654298977	7.96417761426688	-50.213043686575	3.41219245673299e-11	1.87339888054023e-09	16.4806096151502
ENSMUSG00000042444.10	Fam63b	-1.26298753015287	6.23875317228382	-50.1390276730831	3.45212711185093e-11	1.87900368324529e-09	16.5962103185454
ENSMUSG00000002844.8	Adprh	-1.23911205810547	7.828161480495	-50.1382411154412	3.4525543084584e-11	1.87900368324529e-09	16.5185745407161
ENSMUSG00000001576.14	Ergic1	0.89428525022679	7.96331261858135	50.0592915379138	3.49573797379099e-11	1.89423401597205e-09	16.4137744101379
ENSMUSG00000040270.16	Bach2	1.05669449265995	9.12023774099892	49.7366539522354	3.67864839281381e-11	1.98471839478955e-09	16.339042382146
ENSMUSG00000031490.6	Eif4ebp1	-1.83548758179875	5.89717657704056	-49.7000888946957	3.7000493499375e-11	1.98766013139099e-09	16.5466397959182
ENSMUSG00000051790.15	Nlgn2	-1.73545923570884	6.2640624558224	-49.3571659294257	3.90772591961967e-11	2.09021408309957e-09	16.5165129345493
ENSMUSG00000037706.17	Cd81	1.26508198568425	8.21845553278487	49.2414515698445	3.98074071315694e-11	2.12016972256731e-09	16.2770977686838
ENSMUSG00000033904.16	Ccp110	1.25498348581961	6.5377701167557	49.1286700822206	4.05338639660801e-11	2.14627550522182e-09	16.4511026189752
ENSMUSG00000021668.15	Polk	1.37677143974938	5.7905429117495	49.1120796518163	4.064198180473e-11	2.14627550522182e-09	16.4688814171704
ENSMUSG00000027447.6	Cst3	1.06163531064698	8.03168823390126	49.0366894928151	4.11373986826541e-11	2.15723847800802e-09	16.3480489074418
ENSMUSG00000040618.6	Pck2	-2.59754375789606	5.65880415204017	-49.012739619919	4.12962027812133e-11	2.15723847800802e-09	16.320145803806
ENSMUSG00000020766.4	Galk1	-1.50305319696824	7.32694734957991	-48.983110831767	4.14936180557947e-11	2.15723847800802e-09	16.42608550708
ENSMUSG00000030835.6	Nomo1	0.922570897999283	7.47739171719998	48.9758822432095	4.15419429288233e-11	2.15723847800802e-09	16.283234418881
ENSMUSG00000026009.14	Icos	-0.993859563294574	8.02714306311487	-48.945511816761	4.17456702775248e-11	2.1588227745593e-09	16.1813189452411
ENSMUSG00000000628.10	Hk2	-1.12165903932245	7.42403060179311	-48.8887442614075	4.21294957853044e-11	2.16625583606818e-09	16.2854031386003
ENSMUSG00000001630.13	Stk38l	-1.70712724133109	5.99845337657233	-48.8729436593719	4.22370350769934e-11	2.16625583606818e-09	16.4327324103683
ENSMUSG00000026012.2	Cd28	1.14542637722061	7.14789437636448	48.8027837541657	4.27182935531668e-11	2.17741848631981e-09	16.2581949839133
ENSMUSG00000071068.6	Treml2	-4.40461950066961	4.62363649796564	-48.7903676811845	4.28041024751949e-11	2.17741848631981e-09	14.8996028189029
ENSMUSG00000006731.10	B4galnt1	0.840250916845022	8.74218184964851	48.6237531325086	4.39745748573614e-11	2.22786636767193e-09	16.0988447084525
ENSMUSG00000018821.3	Avpi1	-1.9594537486047	5.96663915403442	-48.5867177313197	4.42396193661851e-11	2.23222014639986e-09	16.3356329045757
ENSMUSG00000051495.7	Irf2bp2	-1.28636673863406	7.13191487151803	-48.3752410018267	4.57879565638193e-11	2.30102944618903e-09	16.3224895826468
ENSMUSG00000037242.8	Clic4	-0.93063615309369	7.68877975407036	-48.3248909107771	4.61655312155453e-11	2.30847973071337e-09	16.1222603996446
ENSMUSG00000040675.17	Mthfd1l	-0.993436123253663	8.10859291838504	-48.3061898240448	4.63066623347784e-11	2.30847973071337e-09	16.1727293181836
ENSMUSG00000027540.13	Ptpn1	-0.913322816680862	8.01415257554355	-48.2778206697133	4.65216837263491e-11	2.3099591405637e-09	16.0845194210302
ENSMUSG00000024644.16	Cndp2	-1.13007056213005	7.08517780341927	-48.2306936112206	4.68813686705879e-11	2.3185813402442e-09	16.2646504504131
ENSMUSG00000026700.4	Tnfsf4	3.74646570178611	5.24870426471102	48.2051680313034	4.70774926894929e-11	2.31907822683459e-09	16.0169632488972
ENSMUSG00000027947.11	Il6ra	-2.08552914173832	5.64334346917305	-48.0468580396932	4.83146895493608e-11	2.35191681056362e-09	16.2886693557683
ENSMUSG00000038274.11	Fau	-0.637480807986675	10.7433058430187	-47.9938951800824	4.87367365218476e-11	2.35191681056362e-09	15.8310509554763
ENSMUSG00000011256.16	Adam19	-2.48058787969054	6.08987248533255	-47.991573900526	4.87553289185504e-11	2.35191681056362e-09	16.2931924855333
ENSMUSG00000031349.4	Nsdhl	-1.49066563256783	6.03918988786409	-47.9888256779963	4.8777351260838e-11	2.35191681056362e-09	16.2851837216386
ENSMUSG00000034868.8	Myl12b	-0.997908647342012	7.76492694914879	-47.985336644824	4.88053260825592e-11	2.35191681056362e-09	16.1171045099254
ENSMUSG00000031506.11	Ptpn7	1.00870947509775	8.28104419900841	47.9764835819586	4.88763904305526e-11	2.35191681056362e-09	16.0449260234033
ENSMUSG00000000275.16	Trim25	-0.90402714898308	7.75396776974862	-47.9190103867268	4.93405765246613e-11	2.36146886689000e-09	16.1019345792463
ENSMUSG00000037266.18	Rsrp1	0.91946199420432	8.37621780856431	47.9050774127658	4.94538533465689e-11	2.36146886689000e-09	16.0805466043621
ENSMUSG00000044345.9	Marveld1	-1.54527801838895	6.73765414709665	-47.8681774511742	4.97552720528761e-11	2.3662618188911e-09	16.2753155964197
ENSMUSG00000021998.16	Lcp1	0.558528509383253	10.6891039195296	47.8259546165369	5.01027115234582e-11	2.3662618188911e-09	15.4554564406181
ENSMUSG00000023951.17	Vegfa	-3.63982394630386	4.95241109781525	-47.8158008083167	5.01866712107165e-11	2.3662618188911e-09	15.5372717688758
ENSMUSG00000004100.12	Ppan	1.18505027674119	7.70808344102765	47.8004771945534	5.03136790504808e-11	2.3662618188911e-09	16.1792312583
ENSMUSG00000020454.17	Eif4enif1	-0.922773081037004	7.24549794858352	-47.5519392938222	5.24250338406254e-11	2.45629021336735e-09	16.0360609001592
ENSMUSG00000023571.4	C1qtnf12	-3.12476632783732	5.8135574784739	-47.4786120077497	5.30668836936488e-11	2.47705082949043e-09	15.9528372029711
ENSMUSG00000020075.8	Ddx21	0.730860435841782	9.17207172691414	47.2653868631586	5.49841376087322e-11	2.54414128732781e-09	15.7246216711123
ENSMUSG00000024975.12	Pdcd4	-1.03468731728496	6.94822230604923	-47.261679394184	5.50181569335584e-11	2.54414128732781e-09	16.0432061331218
ENSMUSG00000034403.16	Pja1	-1.38613181559919	7.02258545372318	-47.2509658033272	5.5116596933203e-11	2.54414128732781e-09	16.1467273719613
ENSMUSG00000020120.15	Plek	1.17576544637601	6.47688291018252	47.2158439089376	5.54407019358017e-11	2.5496585543391e-09	16.095813722292
ENSMUSG00000032011.5	Thy1	-1.06879983960043	9.86247920676552	-47.1297603307762	5.62441966606385e-11	2.56967222652685e-09	15.6650158042611
ENSMUSG00000011257.19	Pabpc4	0.820260449407212	8.04213600315355	47.1240147637973	5.62982901785812e-11	2.56967222652685e-09	15.8606059759396
ENSMUSG00000002660.7	Clpp	1.51334655576488	6.40921810127633	47.0864510315699	5.66533930826169e-11	2.56967222652685e-09	16.1463388314346
ENSMUSG00000032579.14	Hemk1	-1.55633601169569	6.46954383421971	-47.0814749255025	5.67006228271591e-11	2.56967222652685e-09	16.1409470668305
ENSMUSG00000031799.9	Tpm4	-0.659433428454001	9.4674735265262	-46.9771273525597	5.77013026025825e-11	2.60554831281154e-09	15.6258398451898
ENSMUSG00000036499.9	Eea1	0.933516395730263	7.92131316149291	46.9418253663338	5.80443340968027e-11	2.61157594169116e-09	15.7943262191798
ENSMUSG00000028149.12	Rap1gds1	-0.960016486843746	7.43156736827338	-46.8821362498849	5.86295733306662e-11	2.62422297646016e-09	15.9380353852289
ENSMUSG00000029106.14	Add1	-0.894573005419001	7.35756091099771	-46.8702864829143	5.8746546612564e-11	2.62422297646016e-09	15.9100307056337
ENSMUSG00000070544.6	Top1	1.03877892266337	7.6954457435692	46.8217500224714	5.92284176810271e-11	2.63629917699514e-09	15.787744120137
ENSMUSG00000025498.15	Irf7	-3.49040827430554	5.18854531793793	-46.7143010519572	6.03110880921236e-11	2.64904634984156e-09	15.2512902356422
ENSMUSG00000032661.9	Oas3	-2.0367624666717	5.9314406087789	-46.7126057336577	6.03283480033618e-11	2.64904634984156e-09	16.0755696457956
ENSMUSG00000028228.5	Cpne3	-1.09719631274943	6.54811602286918	-46.710523031918	6.03495594509029e-11	2.64904634984156e-09	15.9622235600696
ENSMUSG00000019489.7	Cd70	2.02272798743155	6.2771610625669	46.7090061536218	6.03650135083851e-11	2.64904634984156e-09	16.0483794624171
ENSMUSG00000025047.8	Pdcd11	1.18241162668661	7.23791688865187	46.6768941980507	6.06932202323809e-11	2.65410387282864e-09	15.9184066244145
ENSMUSG00000027864.9	Ptgfrn	-1.96198921388007	5.77900706808269	-46.5583449171281	6.19223974061647e-11	2.6983875485071e-09	16.055513526457
ENSMUSG00000031328.15	Flna	-0.716278917855242	9.12039899169888	-46.5162176868928	6.23659240336798e-11	2.70824568373432e-09	15.6012972630811
ENSMUSG00000030095.10	Tmem43	1.30828925553199	6.56335943197354	46.4806889786593	6.27427614320716e-11	2.71119478613696e-09	16.0231741813651
ENSMUSG00000026048.16	Ercc5	1.43909432982739	5.7860113290481	46.4688486714286	6.28689154452043e-11	2.71119478613696e-09	16.0318520376787
ENSMUSG00000028671.16	Gale	-1.72787441927317	6.47734566378253	-46.3765819575012	6.38618257423852e-11	2.73974483789365e-09	16.0258722652825
ENSMUSG00000036990.13	Otud4	0.930386230546227	6.80287863636284	46.3575038885128	6.40693265509438e-11	2.73974483789365e-09	15.863182896594
ENSMUSG00000006517.5	Mvd	-1.38756805771917	6.76249582437936	-46.346400299757	6.41904431248452e-11	2.73974483789365e-09	15.9910164833546
ENSMUSG00000037674.15	Rfx7	0.874804619050998	7.40232285506858	46.2750957528246	6.49743958008301e-11	2.76374025551449e-09	15.7397129728622
ENSMUSG00000021048.7	Mthfd1	0.992654289118533	7.30999565360045	46.2335603263821	6.54360200884773e-11	2.7739085658595e-09	15.8086937802669
ENSMUSG00000038335.13	Tsr1	0.977065344075307	7.36040368691654	46.1826813650608	6.60065286918173e-11	2.78163154414007e-09	15.8574872129994
ENSMUSG00000056749.7	Nfil3	-2.39307065631129	5.44003172608866	-46.1775314765664	6.60645861402119e-11	2.78163154414007e-09	15.8822107756786
ENSMUSG00000029826.14	Zc3hav1	-0.822919308825469	8.2493674167895	-46.0446328477119	6.75828962671645e-11	2.83597857298879e-09	15.6067041257975
ENSMUSG00000040710.10	St8sia4	-1.57303134980273	5.60214971691975	-45.9136252600535	6.91181643282215e-11	2.89067007390143e-09	15.9411539507428
ENSMUSG00000049553.11	Polr1a	1.11556240322241	7.02559702185742	45.8608499865792	6.97476993699269e-11	2.89624656732137e-09	15.7989539382264
ENSMUSG00000037820.15	Tgm2	-5.44293721750379	4.56445549000591	-45.8490815697474	6.98889588723563e-11	2.89624656732137e-09	14.2326830869161
ENSMUSG00000028893.8	Sesn2	1.13613067088449	6.93340800079463	45.8291447035508	7.01290022385426e-11	2.89624656732137e-09	15.861617761765
ENSMUSG00000030718.9	Ppme1	-0.994088784234993	6.59547728580564	-45.8248317520668	7.0181052983315e-11	2.89624656732137e-09	15.8055715081477
ENSMUSG00000034663.13	Bmp2k	-1.88138212881493	5.64155494853797	-45.8050583301934	7.04202455763604e-11	2.89652647068706e-09	15.9274912968536
ENSMUSG00000022378.13	Fam49b	-0.880444119180928	8.33454164399598	-45.7681652299881	7.08689874592102e-11	2.90539536415834e-09	15.5905193492248
ENSMUSG00000041782.14	Lad1	0.968485299962376	9.83991080893316	45.7171099851648	7.14953084902865e-11	2.92146239250636e-09	15.3520940987328
ENSMUSG00000069520.6	Tmem19	1.06400356737133	6.90362794506367	45.5666229706718	7.33779727288648e-11	2.9840003295575e-09	15.7881809897555
ENSMUSG00000035692.6	Isg15	-4.10329580717933	6.30787113807121	-45.5566559988329	7.35046217743843e-11	2.9840003295575e-09	15.0777239037267
ENSMUSG00000031239.5	Itm2a	0.905715272675106	8.56492090487736	45.4058816838554	7.54508305859907e-11	3.0530639662117e-09	15.4588585515287
ENSMUSG00000027797.15	Dclk1	1.88083451034872	6.5127596418084	45.2234062186079	7.78842852014537e-11	3.14133283645863e-09	15.8262814716226
ENSMUSG00000026826.13	Nr4a2	2.24078723472214	6.16743791590217	45.1770928731823	7.85158882848831e-11	3.15186478503704e-09	15.8202587633001
ENSMUSG00000000561.14	Wdr77	1.12099523991516	7.04430406749602	45.1672252273784	7.86512034138264e-11	3.15186478503704e-09	15.7250393002539
ENSMUSG00000047180.8	Neurl3	-1.97531113198204	5.88695924264863	-45.0101220425394	8.08413215865438e-11	3.22103763833738e-09	15.7761552624409
ENSMUSG00000024805.15	Pcgf5	-1.03619367170193	6.79177640866749	-45.0063863147591	8.08942293829415e-11	3.22103763833738e-09	15.6500927871712
ENSMUSG00000030067.17	Foxp1	1.45536699780556	9.43938160034275	44.9437656327154	8.17869339732164e-11	3.24621196849744e-09	15.5195938823064
ENSMUSG00000051457.7	Spn	0.969519800212955	9.41521777551386	44.8888478431135	8.25789652661948e-11	3.26463043400724e-09	15.3244916100905
ENSMUSG00000023830.13	Igf2r	0.977927103868141	7.6797814365666	44.8736133528944	8.28002065974608e-11	3.26463043400724e-09	15.5194301558166
ENSMUSG00000040033.16	Stat2	-1.7490439548514	6.24679572799779	-44.8573712144565	8.30368167841047e-11	3.26463043400724e-09	15.7570107016054
ENSMUSG00000040848.11	Sft2d2	-1.13794485373591	7.26368872364232	-44.6033096846444	8.68387855863623e-11	3.40337039233595e-09	15.574433615879
ENSMUSG00000020850.14	Prpf8	0.64151399964862	9.62041921232687	44.4828668795376	8.87093812461572e-11	3.46578375696194e-09	15.1183213238158
ENSMUSG00000030342.8	Cd9	1.21255279582357	6.59880537663037	44.3184037673056	9.13373703201761e-11	3.55730514468861e-09	15.5937630821157
ENSMUSG00000029446.14	Psph	-1.27030839735079	6.34363554735991	-44.2233739879907	9.2895771205971e-11	3.60672896118385e-09	15.6214751219328
ENSMUSG00000027368.6	Dusp2	1.48467470622649	8.82166759262306	44.1864990235555	9.35085316064806e-11	3.61010709638146e-09	15.4238423117056
ENSMUSG00000039220.16	Ppp1r10	1.31729849379217	7.87304964022171	44.1832876285513	9.35621112197074e-11	3.61010709638146e-09	15.4139219652516
ENSMUSG00000024525.6	Impa2	-1.8044713406616	5.34461944057575	-43.9634364666264	9.73136934056087e-11	3.74327333615463e-09	15.5804886904767
ENSMUSG00000026830.9	Ermn	-2.43134072449603	5.00067433896146	-43.898413436866	9.84554988826132e-11	3.7755411771508e-09	15.5147560711608
ENSMUSG00000041773.7	Enc1	1.66961920543275	5.8926551785839	43.7830274691405	1.00519009134352e-10	3.82464301706065e-09	15.572189375856
ENSMUSG00000029430.13	Ran	0.480643808281213	10.5244750544536	43.7716821525306	1.00724519364142e-10	3.82464301706065e-09	14.9041564563936
ENSMUSG00000027405.16	Nop56	0.727204039293833	9.5440834117292	43.7653984048322	1.00838547364432e-10	3.82464301706065e-09	15.0927244268421
ENSMUSG00000048000.15	Gigyf2	1.01501829346512	7.15651951533913	43.7585242308215	1.00963456038912e-10	3.82464301706065e-09	15.3575489569189
ENSMUSG00000022237.16	Ankrd33b	-2.06810750110166	4.88653366239021	-43.7391173141272	1.0131703484609e-10	3.82640668268733e-09	15.4603322423531
ENSMUSG00000026193.15	Fn1	-3.88291749197325	4.08278459858141	-43.6838413212216	1.02331785019894e-10	3.85305449154968e-09	14.6219810575391
ENSMUSG00000035311.16	Gnptab	1.37285182998206	6.29623602038096	43.6125367081791	1.03657730497056e-10	3.88072785879262e-09	15.4783751382774
ENSMUSG00000024735.13	Prpf19	0.760482794876323	8.19825244418293	43.6108402835296	1.03689511111124e-10	3.88072785879262e-09	15.2285226846912
ENSMUSG00000058761.5	Rnf169	1.53293503234691	5.62014201263477	43.5548142075703	1.04745286627398e-10	3.90850451268642e-09	15.5253064148816
ENSMUSG00000028894.18	Inpp5b	-0.983249082560878	7.14562346669302	-43.3278267918694	1.09148359841301e-10	4.06064480209592e-09	15.2911989206382
ENSMUSG00000073131.12	Vma21	1.03105704332145	6.80220214014579	43.2746942071164	1.10208878057787e-10	4.08789656914941e-09	15.3132884493383
ENSMUSG00000020899.15	Pfas	1.04496906293613	7.17332410646872	43.2194994299786	1.11322860530488e-10	4.10556654205417e-09	15.3190088744576
ENSMUSG00000041736.7	Tspo	-1.43307896167985	6.39796254754122	-43.2184532290854	1.11344097826712e-10	4.10556654205417e-09	15.4544296543562
ENSMUSG00000037447.16	Arid5a	-1.99342601044633	6.76193996956142	-43.0689981261047	1.14425361375016e-10	4.1958988096841e-09	15.3985437429932
ENSMUSG00000063856.7	Gpx1	1.10755725905448	9.36659677957343	43.0600796546116	1.14612243746937e-10	4.1958988096841e-09	15.1706115815054
ENSMUSG00000063524.13	Eno1	-0.651509618825264	12.0479104240047	-43.0509484873642	1.14803939188179e-10	4.1958988096841e-09	14.3169823903458
ENSMUSG00000019960.8	Dusp6	1.41109803985365	6.57523789888811	42.9777196580451	1.16354394207403e-10	4.24013103803175e-09	15.4207198683939
ENSMUSG00000015176.9	Nolc1	0.862151379216236	8.35614720063391	42.9161704308828	1.17675810379115e-10	4.24678273796876e-09	15.0766940112683
ENSMUSG00000041872.9	Il17f	-2.57474845962251	4.736900309914	-42.9052106181596	1.17912877333701e-10	4.24678273796876e-09	15.1830731139759
ENSMUSG00000041459.15	Tardbp	0.581652827045623	9.14483333226875	42.9035612782401	1.17948600019382e-10	4.24678273796876e-09	14.8851223290557
ENSMUSG00000004665.10	Cnn2	-0.904823417726787	7.60266281722176	-42.8953594612065	1.18126422405709e-10	4.24678273796876e-09	15.2244880620571
ENSMUSG00000034994.10	Eef2	-0.240400209684941	12.8422862193722	-42.8900967603041	1.18240681222431e-10	4.24678273796876e-09	14.0939899376269
ENSMUSG00000026070.15	Il18r1	-2.67444144823169	4.5752688579282	-42.8439988901314	1.19246850940303e-10	4.25920595167979e-09	15.2176118531473
ENSMUSG00000024614.6	Tmx3	-0.973793301851555	6.8491784163149	-42.8342768719433	1.19460280469533e-10	4.25920595167979e-09	15.1814086597462
ENSMUSG00000063888.6	Rpl7l1	0.802348652944219	8.26503395496136	42.8194189067183	1.19787291993977e-10	4.25920595167979e-09	15.0714559015489
ENSMUSG00000068129.5	Cst7	3.55949497695317	4.46002457762091	42.8118816658284	1.19953565677574e-10	4.25920595167979e-09	14.4759358684073
ENSMUSG00000024424.14	Ttc39c	-2.68609348278546	4.92277636038502	-42.7216578445899	1.21964234741142e-10	4.31829618630356e-09	15.1047197638044
ENSMUSG00000066621.12	Tecpr1	-1.30555173200299	6.79530584583569	-42.6878237566733	1.22728000424858e-10	4.33302852491502e-09	15.2732066414294
ENSMUSG00000024401.14	Tnf	1.53092123228849	7.30489269314377	42.6673161029442	1.23193557783438e-10	4.33367174085739e-09	15.3428852668069
ENSMUSG00000003814.8	Calr	0.59040206309383	10.4118437254273	42.6564226804227	1.23441664768063e-10	4.33367174085739e-09	14.6803281889129
ENSMUSG00000025151.16	Maged1	-1.71702224109978	6.33653161484786	-42.6214197894772	1.24242701739506e-10	4.34954154994231e-09	15.3581112787944
ENSMUSG00000032076.19	Cadm1	2.34872279186342	5.83115015993418	42.4588259047914	1.28041205843897e-10	4.46996512165965e-09	15.2192912259364
ENSMUSG00000024238.13	Zeb1	-1.39256052180192	6.43670444470099	-42.3759809125981	1.30026788338347e-10	4.51454572396947e-09	15.2773197948239
ENSMUSG00000025428.15	Atp5a1	0.423629572333255	10.5648183263564	42.3753236382998	1.30042679523794e-10	4.51454572396947e-09	14.5095518624328
ENSMUSG00000037679.9	Inf2	-0.810364832785309	7.78434469263358	-42.3304917544344	1.31131777154471e-10	4.53970927410048e-09	15.0193344028756
ENSMUSG00000029406.15	Pitpnm2	1.49348635591422	6.13957166500089	42.1098486249119	1.36643722826715e-10	4.71742581049681e-09	15.2543008865368
ENSMUSG00000028064.17	Sema4a	-2.11195690878191	5.85648393472846	-42.013542796643	1.3913097397735e-10	4.78287949537572e-09	15.2484636672423
ENSMUSG00000022351.14	Sqle	-0.786156077491625	7.72552660359174	-42.0014210192061	1.39447634388365e-10	4.78287949537572e-09	14.9659153568989
ENSMUSG00000022587.14	Ly6e	-0.940406575708002	9.09848498215746	-41.984424516209	1.39893006029461e-10	4.78287949537572e-09	14.8076636542083
ENSMUSG00000036565.7	Ttyh3	-1.24324988291241	7.92240473443679	-41.977508015445	1.40074702384028e-10	4.78287949537572e-09	14.9325611568443
ENSMUSG00000029752.12	Asns	-1.73760935710974	6.22323535096615	-41.8932970827421	1.42308366879183e-10	4.84587206670836e-09	15.1930149404742
ENSMUSG00000025507.13	Pidd1	1.85316357421704	6.33978239099846	41.877948988528	1.42719775421795e-10	4.84663913101317e-09	15.2181910818946
ENSMUSG00000024063.12	Lbh	-1.12438112466656	6.79750707759834	-41.7824206867188	1.4531073702728e-10	4.92121661839945e-09	15.0874759790737
ENSMUSG00000107476.2	Zfp862-ps	1.60225014326724	5.82068477829324	41.7034725787832	1.4749201116676e-10	4.98155266984101e-09	15.1827788036527
ENSMUSG00000036931.15	Nfkbid	1.56775193315136	6.56535938215405	41.5951468828668	1.50545214183321e-10	5.07093244423442e-09	15.139554277992
ENSMUSG00000027678.17	Ncoa3	-0.90223928664305	7.39755505658866	-41.4092012253685	1.55953546965121e-10	5.23894624211941e-09	14.8591364201949
ENSMUSG00000041417.15	Pik3r1	-1.05617366056482	7.25106524230492	-41.3722806998798	1.57053238556754e-10	5.25676415792268e-09	14.8875096788349
ENSMUSG00000041954.18	Tnfrsf18	-0.563225920196786	10.0162852864988	-41.3631170469279	1.57327531967035e-10	5.25676415792268e-09	14.5809140477499
ENSMUSG00000039671.18	Zmynd8	0.869608192107465	7.51117321922756	41.3206953762237	1.58604377711871e-10	5.26936216650094e-09	14.8780114451717
ENSMUSG00000005696.11	Sh2d1a	-1.19479550425699	5.97233109788368	-41.3116650352702	1.5887768475866e-10	5.26936216650094e-09	15.0313518865811
ENSMUSG00000042506.15	Usp22	-1.09642864008597	6.56544477508786	-41.3053867008387	1.59068013660149e-10	5.26936216650094e-09	15.0343992207245
ENSMUSG00000033161.10	Atp1a1	0.507566785427084	9.52330274051868	41.2945947320805	1.59395774433993e-10	5.26936216650094e-09	14.4720587733655
ENSMUSG00000038482.11	Tfdp1	0.666208631488875	8.48857802189189	41.2713181858466	1.60105293742184e-10	5.27343109143399e-09	14.635821349902
ENSMUSG00000032238.17	Rora	-1.14941153260029	8.3755713845885	-41.2497135247792	1.60767033698272e-10	5.27343109143399e-09	15.0127002267288
ENSMUSG00000021733.9	Slc4a7	0.750265987063599	7.25565914002482	41.2343747914545	1.61238720711748e-10	5.27343109143399e-09	14.7841297585746
ENSMUSG00000029994.17	Anxa4	-2.15253289105586	4.69471063645002	-41.2326775401111	1.61291009185558e-10	5.27343109143399e-09	15.0101048153145
ENSMUSG00000036707.16	Cab39	0.583145716534714	8.31178163367789	41.2145768029367	1.61849841049686e-10	5.27343109143399e-09	14.5917271790863
ENSMUSG00000029594.12	Rbm19	1.4853359733795	5.52253212723201	41.2078647422104	1.62057619194353e-10	5.27343109143399e-09	15.0944466187457
ENSMUSG00000039521.12	Foxp3	-5.7037286621703	4.1191414887729	-41.1867825646209	1.62712193408602e-10	5.28094288138386e-09	13.0325175478333
ENSMUSG00000028995.14	Fam126a	-1.06005720207466	6.73924674906296	-41.1647279693317	1.6340014768471e-10	5.28949620933649e-09	14.936689290765
ENSMUSG00000041168.9	Lonp1	-0.859262359567602	8.40446945768515	-41.1222907167543	1.64733136404607e-10	5.31883181090834e-09	14.6967158267123
ENSMUSG00000024646.13	Cyb5a	-1.16506868216622	6.26845401221781	-41.1042892261699	1.65302272713716e-10	5.3234166016306e-09	15.0064539890565
ENSMUSG00000028234.6	Rps20	-0.456608750128929	10.5077886780995	-41.0544135467495	1.66890744207873e-10	5.36071996150186e-09	14.2977683482578
ENSMUSG00000030096.8	Slc6a6	0.735540442256692	8.42805194872645	41.008801783447	1.68358473859361e-10	5.37900895268027e-09	14.593924028986
ENSMUSG00000020547.5	Bzw2	0.752775644536655	7.86179450487406	40.9936343996028	1.68849756900366e-10	5.37900895268027e-09	14.6492718087756
ENSMUSG00000019823.17	Mical1	-1.04080580037996	6.85057750697345	-40.9826870143874	1.69205353945517e-10	5.37900895268027e-09	14.9476979113248
ENSMUSG00000026638.15	Irf6	-1.83369202181863	5.15513870886236	-40.9772911757277	1.69380933741412e-10	5.37900895268027e-09	15.0161024338131
ENSMUSG00000063229.15	Ldha	-0.55151091002587	11.9758218628629	-40.9700123397801	1.69618111081068e-10	5.37900895268027e-09	13.8832608905815
ENSMUSG00000063659.11	Zbtb18	-1.78315660327455	5.41428509366336	-40.9530681312538	1.70171679624528e-10	5.38286711462055e-09	15.0299570745563
ENSMUSG00000035443.10	Thyn1	1.1205693869293	6.60063674388467	40.9306493175559	1.70907232613316e-10	5.39244769635382e-09	14.9756325958225
ENSMUSG00000028896.13	Rcc1	0.960028050602144	7.0998531468057	40.9156731879583	1.71400588085718e-10	5.39435739725329e-09	14.8718941103531
ENSMUSG00000066278.6	Vps37b	-1.44122474282547	6.17059009587571	-40.8735850562756	1.72795695535348e-10	5.42456612961473e-09	15.0021009745374
ENSMUSG00000024038.16	Ndufv3	-1.35321254413277	6.32376157551882	-40.857818601481	1.73321598846056e-10	5.42740473974471e-09	14.9937106168364
ENSMUSG00000033386.10	Frrs1	1.78095939478732	4.94041250924113	40.6837158777218	1.79250352599475e-10	5.59899033696055e-09	14.988019305913
ENSMUSG00000000290.13	Itgb2	-0.731441090503058	8.17615672643876	-40.6607766693556	1.80048394264571e-10	5.60985784429837e-09	14.583146416304
ENSMUSG00000004317.14	Clcn5	-1.48945685546736	5.83496542057277	-40.5314848939827	1.84621882188357e-10	5.73801126611843e-09	14.9597932097893
ENSMUSG00000029475.17	Kdm2b	0.70879302856706	8.63244395160217	40.4737997613476	1.8670448550125e-10	5.78830348955741e-09	14.4821968193458
ENSMUSG00000032114.9	Slc37a4	-1.64232158262047	6.09307380020236	-40.4155726504183	1.88833518646875e-10	5.83978199229777e-09	14.9420375707501
ENSMUSG00000031304.18	Il2rg	0.598807181876234	9.8752713701243	40.3853312841218	1.89950048391443e-10	5.85394962999267e-09	14.3570377008182
ENSMUSG00000002365.9	Snx9	1.79703112179791	5.45096043934348	40.361200249616	1.90846314029726e-10	5.85394962999267e-09	14.9329453657354
ENSMUSG00000026019.15	Wdr12	1.18753842897771	6.14382704742634	40.355422725499	1.91061606423469e-10	5.85394962999267e-09	14.8292207211031
ENSMUSG00000027185.14	Nat10	1.18702670208341	6.33387700067066	40.3525042303876	1.91170464527563e-10	5.85394962999267e-09	14.8346861315047
ENSMUSG00000020919.11	Stat5b	-0.702881599113012	8.07186155142399	-40.3179636789691	1.92464123932651e-10	5.86613283313182e-09	14.5001611030356
ENSMUSG00000037161.14	Mgarp	-4.60224913484267	3.70205549655734	-40.3135439704228	1.92630366955813e-10	5.86613283313182e-09	13.124923137254
ENSMUSG00000022074.5	Tnfrsf10b	1.48725748994929	6.46391070560182	40.3042526366988	1.92980378848114e-10	5.86613283313182e-09	14.8646292623001
ENSMUSG00000067586.4	S1pr3	-3.89505653870649	4.25754934215227	-40.2860853694483	1.93666824910801e-10	5.87267552034869e-09	13.836855802778
ENSMUSG00000063065.13	Mapk3	-1.40762204109496	6.26010409647172	-40.2315507825758	1.95743970276879e-10	5.91092393481035e-09	14.8942425808273
ENSMUSG00000071708.11	Sms	0.78274465550939	7.5426890030698	40.2280876182543	1.95876721902967e-10	5.91092393481035e-09	14.5345454891019
ENSMUSG00000028270.12	Gbp2	1.79313044715785	5.61949840400985	40.140220991826	1.99279015190599e-10	5.99906851768221e-09	14.8853597184759
ENSMUSG00000038894.7	Irs2	-1.69230445798155	6.10865927627518	-40.0714853311644	2.01986946521095e-10	6.05192355294461e-09	14.8552777343294
ENSMUSG00000078920.3	Ifi47	-1.14909390892978	6.74707122922036	-40.0710065498112	2.02005953464251e-10	6.05192355294461e-09	14.7230731238972
ENSMUSG00000035637.14	Grhpr	-1.69414954689353	5.61086189581046	-40.0153221543702	2.04230344057769e-10	6.10312332725025e-09	14.8604885165475
ENSMUSG00000070691.10	Runx3	-1.0513717186706	7.18942638001269	-40.0037927762455	2.04694339307599e-10	6.10312332725025e-09	14.6164046116752
ENSMUSG00000068523.12	Gng5	-0.997339350784417	7.03900651758454	-39.9900793033886	2.05247778682204e-10	6.10501924991959e-09	14.7138003928131
ENSMUSG00000006418.17	Rnf114	-0.8440252997539	7.31707876514103	-39.8644066588978	2.10398808942423e-10	6.24333418059384e-09	14.6052412836468
ENSMUSG00000020706.13	Ftsj3	1.07213901037858	8.02226363117672	39.8430385327561	2.11289036863761e-10	6.25485811504288e-09	14.5208800547064
ENSMUSG00000073008.11	Gpr174	1.10154151695011	6.17944200306735	39.8070511327178	2.1279792744811e-10	6.27869049948574e-09	14.6515152304689
ENSMUSG00000037999.13	Arap2	0.993673554466127	7.08019771185056	39.7840003383331	2.13770780978289e-10	6.27869049948574e-09	14.5881431978599
ENSMUSG00000026034.17	Clk1	0.851476967613461	7.51710219806431	39.7750484393452	2.14149942964346e-10	6.27869049948574e-09	14.5095385320604
ENSMUSG00000038371.15	Sbf2	-1.29019623497176	6.50085528606092	-39.7443194657858	2.15457255475182e-10	6.27869049948574e-09	14.782614399758
ENSMUSG00000024725.12	Ostf1	-0.705958100973175	7.72782514427733	-39.7398678422983	2.15647386369124e-10	6.27869049948574e-09	14.4250801565879
ENSMUSG00000041438.8	Utp4	0.838461280254124	7.17909997635241	39.7375062617333	2.15748327245806e-10	6.27869049948574e-09	14.5705058639425
ENSMUSG00000072620.3	Slfn2	0.853816774436257	8.76275812240868	39.733788561843	2.15907340442504e-10	6.27869049948574e-09	14.369111289595
ENSMUSG00000025283.15	Sat1	0.653082941190682	9.01149972152192	39.7231662783319	2.16362403573889e-10	6.27869049948574e-09	14.3666355923414
ENSMUSG00000015396.4	Cd83	-0.909508132562753	8.42268944344887	-39.7071589518292	2.17050205421931e-10	6.27869049948574e-09	14.3575265371359
ENSMUSG00000031608.13	Galnt7	1.03725734110765	6.73277919504793	39.7052600849576	2.1713195902097e-10	6.27869049948574e-09	14.6663207005693
ENSMUSG00000070327.14	Rnf213	-1.18460665722346	7.00517757551183	-39.64226099269	2.19864070877316e-10	6.34297665588888e-09	14.6055501762835
ENSMUSG00000030189.15	Ybx3	0.645502478918827	8.46706747123629	39.5959809033064	2.21895786083363e-10	6.38680642484285e-09	14.2966283453079
ENSMUSG00000022885.15	St6gal1	-0.785155614922136	7.78315741636342	-39.5178482729012	2.25373990108244e-10	6.45757278681864e-09	14.4543540259534
ENSMUSG00000027199.14	Gatm	-3.11070004758099	4.05509683036926	-39.5174764297287	2.25390689421978e-10	6.45757278681864e-09	14.1995126580325
ENSMUSG00000030107.10	Usp18	-3.41900740933621	3.95353519471974	-39.5012184697965	2.26122191078646e-10	6.46367171425039e-09	13.956076401389
ENSMUSG00000030102.11	Itpr1	0.835458659117075	8.64126498982885	39.362079567429	2.32493023517483e-10	6.63057334576291e-09	14.4018331400207
ENSMUSG00000041324.14	Inhba	2.03208595494299	5.01762725413654	39.2887570321849	2.35931427500392e-10	6.71327255921777e-09	14.6865716373624
ENSMUSG00000037759.5	Ptger2	1.86246517442897	5.0900544183776	39.1583469824695	2.42189316942857e-10	6.87563885434812e-09	14.6718284421229
ENSMUSG00000020077.14	Srgn	0.803427889795309	7.9443737412494	39.0758669218768	2.46243627982136e-10	6.97485076259401e-09	14.2590599352904
ENSMUSG00000032883.15	Acsl3	-1.25921398869631	5.48610281087368	-39.0225924608409	2.48902937929364e-10	7.0341889238405e-09	14.6406968276065
ENSMUSG00000028430.14	Nol6	1.23184183249571	6.71602380761107	39.0009535472277	2.49992312636631e-10	7.04899138549849e-09	14.5620522928785
ENSMUSG00000038412.8	Higd1a	-1.64513039100484	7.15990274106296	-38.9857824525967	2.50759276846949e-10	7.05465658542557e-09	14.477944529987
ENSMUSG00000039395.8	Mreg	-3.12786495194397	3.99411224318025	-38.938348177593	2.53174426850884e-10	7.09822538661938e-09	14.1178003842435
ENSMUSG00000032366.15	Tpm1	1.23153727662607	6.03893533853601	38.9219599814816	2.5401492183195e-10	7.09822538661938e-09	14.5994833112943
ENSMUSG00000030956.15	Fam53b	0.736308445272625	7.6704306518558	38.9219278886318	2.54016570844278e-10	7.09822538661938e-09	14.3154400780979
ENSMUSG00000004264.17	Phb2	0.73329224252487	9.02424809199247	38.8510537112229	2.5768784584307e-10	7.18470609114581e-09	14.1554609771828
ENSMUSG00000055320.17	Tead1	-3.45419305630045	5.03298664697774	-38.8137049673839	2.59646516534087e-10	7.21125840908128e-09	14.0836880465322
ENSMUSG00000042351.8	Grap2	-1.07085367756079	6.68893729837876	-38.8108409816507	2.59797402365201e-10	7.21125840908128e-09	14.4859399488701
ENSMUSG00000068227.8	Il2rb	-1.37117187382878	9.16141703760558	-38.7555109878387	2.62731863404886e-10	7.27650491914465e-09	14.0388578526197
ENSMUSG00000057113.13	Npm1	0.641029370470525	11.1875082111228	38.711715952887	2.65081029788977e-10	7.32528796953441e-09	13.4442125131598
ENSMUSG00000035754.8	Wdr18	1.25266972030519	6.7184464109657	38.6844572637683	2.66555122731934e-10	7.3497267579825e-09	14.4938322696471
ENSMUSG00000019979.12	Apaf1	0.901117952340393	6.9659039526408	38.6402324391718	2.6896638330293e-10	7.38183624531221e-09	14.3353991845036
ENSMUSG00000078763.2	Slfn1	-1.27933154495646	6.4989178110357	-38.6357592091369	2.69211640730544e-10	7.38183624531221e-09	14.5268133775833
ENSMUSG00000008496.19	Pou2f2	1.38838417594982	5.92829959527336	38.625309124712	2.69785577766965e-10	7.38183624531221e-09	14.5470841558798
ENSMUSG00000038776.13	Ephx1	2.48292936462926	4.4939686305476	38.6197973449849	2.70088849222688e-10	7.38183624531221e-09	14.4544822770888
ENSMUSG00000031004.8	Mki67	-0.503348988939365	9.10705413861266	-38.589558941644	2.7175948336017e-10	7.40301361524810e-09	13.9323240956411
ENSMUSG00000090958.2	Lrrc32	-3.2210112005869	4.52066716585055	-38.584291487075	2.72051691870627e-10	7.40301361524810e-09	14.081569940372
ENSMUSG00000001156.9	Mxd1	-1.74934222610809	5.42839532221122	-38.5026159583567	2.76628154447524e-10	7.50555342930916e-09	14.5612615609889
ENSMUSG00000003352.13	Cacnb3	-1.56903796210839	5.86195942817917	-38.4956166113823	2.77024358299143e-10	7.50555342930916e-09	14.5534358727782
ENSMUSG00000018906.14	P4ha2	-2.69344422585681	4.51597673852133	-38.476428693975	2.7811378658899e-10	7.51872477713358e-09	14.3037142519717
ENSMUSG00000032834.11	Pwp2	1.40816366833181	6.13055243518645	38.4608563713574	2.79001479338933e-10	7.52639704978598e-09	14.5173766131055
ENSMUSG00000001175.14	Calm1	-0.449118432764601	10.1005860384891	-38.4502422117596	2.79608362433836e-10	7.52647736719849e-09	13.7624552372632
ENSMUSG00000029275.18	Gfi1	1.78975481752181	5.30811161217692	38.3388490645473	2.86067904726217e-10	7.67167447593065e-09	14.5119273955667
ENSMUSG00000014867.9	Surf4	-0.75642668194715	8.12045841725515	-38.3360300418282	2.86233541788313e-10	7.67167447593065e-09	14.139866813449
ENSMUSG00000018008.7	Cyth4	-1.43831995499056	5.81204551056558	-38.3224195476948	2.87034772959371e-10	7.67664029054215e-09	14.5100538624161
ENSMUSG00000040511.14	Pvr	-1.08092988592132	6.55407993189409	-38.3061928008892	2.87993320932485e-10	7.68578320938234e-09	14.4246942579133
ENSMUSG00000037138.17	Aff3	-1.53900235758523	7.08487406459969	-38.2760561805313	2.89783131447289e-10	7.70185251439319e-09	14.5023510829418
ENSMUSG00000067212.8	H2-T23	-0.675979019883657	9.31641962698029	-38.27524622186	2.89831407305657e-10	7.70185251439319e-09	14.0214370355071
ENSMUSG00000031453.16	Rasa3	-1.55810197642404	5.89955739648919	-38.2555570499752	2.9100772817255e-10	7.70725397271592e-09	14.4973074262206
ENSMUSG00000037868.15	Egr2	1.82251604968684	5.46340121181218	38.2511544659554	2.9127149331214e-10	7.70725397271592e-09	14.4986694685694
ENSMUSG00000020358.17	Hnrnpab	0.650764549141931	10.4098442902173	38.1699580069691	2.96184671838518e-10	7.82065585831239e-09	13.6806037219205
ENSMUSG00000022475.18	Hdac7	0.564843096014096	8.64811455012463	38.0749820913655	3.02050431110061e-10	7.95867763831858e-09	13.8935490180131
ENSMUSG00000029313.18	Aff1	-0.964662319555044	6.94671369333848	-37.9968115509183	3.06976501187453e-10	8.05670586118147e-09	14.3079525023165
ENSMUSG00000046794.9	Ppp1r3b	-2.50445598588277	4.49299047628715	-37.9942322332179	3.07140576420908e-10	8.05670586118147e-09	14.1937662338477
ENSMUSG00000021000.16	Ctage5	-0.876408868378263	7.47395912203983	-37.9836887177601	3.07812296609982e-10	8.05670586118147e-09	14.084790243515
ENSMUSG00000023274.14	Cd4	0.512302147547187	9.82695211304035	37.9590414795176	3.0938901705563e-10	8.05670586118147e-09	13.6922981950863
ENSMUSG00000053470.13	Kdm3a	-0.834694286959213	6.51210321935261	-37.9590244360549	3.09390110492467e-10	8.05670586118147e-09	14.2072005128625
ENSMUSG00000052707.8	Tnrc6a	0.994085161134442	6.86381536871448	37.9458641539841	3.10235718924935e-10	8.05670586118147e-09	14.1740395252121
ENSMUSG00000021877.11	Arf4	-0.919018009653255	6.93837255463732	-37.9449278289548	3.10295981173642e-10	8.05670586118147e-09	14.1393084026556
ENSMUSG00000069008.3	Gm5537	-1.8386266216481	7.7814991785961	-37.8292347566176	3.17844463333246e-10	8.23554167676143e-09	14.3908004123802
ENSMUSG00000028680.14	Plk3	1.25994821802784	6.29231507147374	37.7857734683564	3.20733371560731e-10	8.29315354722281e-09	14.3855999017864
ENSMUSG00000026675.12	Hsd17b7	-1.0891244450108	6.40342611452221	-37.7608383124902	3.22404171055112e-10	8.3010110820662e-09	14.2899052148033
ENSMUSG00000025025.13	Mxi1	-2.09894277170725	5.95620295942521	-37.7518592768887	3.23008216043471e-10	8.3010110820662e-09	14.3682743637666
ENSMUSG00000052013.14	Btla	0.624286606901193	7.67152995291354	37.7494729618555	3.231689643948e-10	8.3010110820662e-09	13.9448688557342
ENSMUSG00000004980.16	Hnrnpa2b1	0.575363083107725	10.5362425257994	37.741577473341	3.23701467213686e-10	8.3010110820662e-09	13.3958951908855
ENSMUSG00000060636.13	Rpl35a	-0.573820214051414	9.90893634529383	-37.7158840125878	3.25441184935144e-10	8.32848765471602e-09	13.7340588702388
ENSMUSG00000028278.14	Rragd	-2.76624023065314	4.30714038150507	-37.6922395219797	3.2705147092961e-10	8.35254607007322e-09	14.1696723716419
ENSMUSG00000038279.10	Nop2	0.750550012532411	7.80878030024493	37.642445368244	3.30472076894852e-10	8.41662373506003e-09	14.0421079115069
ENSMUSG00000039157.12	Fam102a	-0.984421180506492	6.73222071300289	-37.6360958120445	3.30911147410689e-10	8.41662373506003e-09	14.2028639265286
ENSMUSG00000044005.13	Gls2	-1.65581154604267	5.35795949903364	-37.5958042277852	3.33712656079983e-10	8.44064314179278e-09	14.3727558275287
ENSMUSG00000005124.9	Wisp1	2.76311647744775	5.32600283515139	37.5947974692786	3.33782997981057e-10	8.44064314179278e-09	14.3671813458411
ENSMUSG00000022744.12	Cldnd1	-1.08191100428816	7.66361430028167	-37.5868110585869	3.34341597785834e-10	8.44064314179278e-09	14.0777286634817
ENSMUSG00000020101.14	Vsir	1.01532320129014	6.6509458431354	37.5773197633474	3.35006823959963e-10	8.44064314179278e-09	14.2190997533006
ENSMUSG00000068739.13	Sars	-0.660192699163056	8.24808020451438	-37.5739724752398	3.35241784095918e-10	8.44064314179278e-09	13.9135337186973
ENSMUSG00000032434.9	Cmtm6	-0.764875474451673	7.93273336012548	-37.5228199376688	3.38855573227786e-10	8.51442945390705e-09	13.9690530399492
ENSMUSG00000026094.14	Stk17b	-0.799623419737123	6.90878820297919	-37.4944200426871	3.40880870621971e-10	8.5480850916733e-09	14.0220701455191
ENSMUSG00000017314.12	Mpp2	-1.22794958365953	5.85386487037245	-37.4525187989151	3.43893930710465e-10	8.6063254185633e-09	14.3080697797232
ENSMUSG00000062014.12	Gmfb	-0.745480666052029	7.54358633486158	-37.4272410381939	3.45726113784615e-10	8.62352864432281e-09	13.9864120644859
ENSMUSG00000005667.8	Mthfd2	-0.680209872198626	7.76496927966007	-37.4235632156055	3.45993604421649e-10	8.62352864432281e-09	13.9575099381317
